0.016409
0.049228
0.098456
0.16409
0.246128
0.344566
0.459397
0.590614
0.738208
0.90217
1.082731
1.279954
1.493822
1.724318
1.971423
2.235114
2.515368
2.812157
3.125455
3.455226
3.80176
4.165101
4.545207
4.942031
5.355524
5.785628
6.23228
6.695409
7.17493
7.670748
8.18326
8.712404
9.258057
9.820071
10.398273
10.992444
11.602319
12.227562
12.867757
13.522385
14.192276
14.876683
15.574906
16.286119
17.009382
17.743647
18.487766
19.240505
20.00054
20.766479
21.542103
22.323441
23.109041
23.897514
24.687597
25.478188
26.268353
27.057297
27.844349
28.628908
29.414402
30.198008
30.979158
31.757298
32.53186
33.302273
34.067951
34.828312
35.582779
36.330811
37.076195
37.815899
38.549461
39.27647
39.996567
40.709423
41.414749
42.112267
42.801704
43.482792
44.160458
44.830929
45.493877
46.14896
46.795841
47.434185
48.06366
48.683956
49.294777
49.895836
50.49247
51.080498
51.659611
52.229527
52.789982
53.340736
53.881569
54.412277
54.932678
55.443699
55.951729
56.453079
56.947414
57.434418
57.913799
58.385281
58.848602
59.303528
59.749828
60.187004
60.620281
61.046333
61.464935
61.875862
62.278915
62.673912
63.060669
63.439034
63.808853
64.169853
64.526703
64.876602
65.219391
65.554901
65.882996
66.203522
66.516342
66.821335
67.116051
67.404175
67.691208
67.974152
68.252777
68.526863
68.796173
69.060493
69.319603
69.573273
69.821289
70.06282
70.303719
70.541039
70.774544
71.004028
71.229286
71.450127
71.666359
71.8778
72.084305
72.28524
72.484108
72.680756
72.874992
73.066681
73.255646
73.441742
73.624817
73.80471
73.9813
74.153984
74.32634
74.498199
74.66938
74.839699
75.008972
75.17704
75.343712
75.50882
75.67218
75.833229
75.996635
76.16227
76.329987
76.499649
76.671097
76.8442
77.018784
77.19471
77.371819
77.550224
77.736229
77.929634
78.130241
78.337814
78.552109
78.772873
78.999802
79.232613
79.470978
79.714264
79.966301
80.226692
80.495026
80.770859
81.053749
81.343208
81.638771
81.939919
82.246162
82.556366
82.874161
83.199112
83.530815
83.868904
84.213043
84.562981
84.918495
85.279396
85.645462
86.015755
86.394905
86.782494
87.178062
87.581139
87.991249
88.407944
88.830788
89.259392
89.69339
90.131546
90.579269
91.036125
91.501686
91.97551
92.457138
92.946129
93.442009
93.945923
94.461853
94.989479
95.530159
96.083366
96.648491
97.224884
97.811829
98.408623
99.014603
99.629219
100.251747
100.884857
101.528625
102.182732
102.84687
103.520729
104.20401
104.89637
105.597458
106.306831
107.023987
107.748314
108.479607
109.217331
109.960838
110.709427
111.462311
112.218697
112.977783
113.738892
114.501419
115.2649
116.029839
116.795738
117.562218
118.328979
119.095802
119.862511
120.628937
121.394897
122.160118
122.924149
123.685524
124.443703
125.198303
125.949036
126.695671
127.438042
128.176025
128.909515
129.638428
130.362747
131.082779
131.798538
132.510025
133.21727
133.920258
134.618988
135.313477
136.003677
136.689636
137.371338
138.048767
138.721924
139.390808
140.055405
140.715698
141.371704
142.023407
142.670761
143.313721
143.955627
144.596558
145.236359
145.874908
146.512024
147.147537
147.781281
148.41304
149.042664
149.669189
150.292496
150.912338
151.528793
152.142151
152.752762
153.361008
153.96698
154.570679
155.171936
155.770233
156.365448
156.957092
157.545059
158.129257
158.709503
159.285614
159.857361
160.424515
160.986847
161.544022
162.095871
162.642197
163.182938
163.718018
164.247391
164.771011
165.288788
165.800644
166.306534
166.806351
167.300018
167.786987
168.267059
168.739944
169.205383
169.663086
170.112778
170.554199
170.987076
171.411316
171.826721
172.233566
172.63176
173.02121
173.40181
173.773468
174.136063
174.489471
174.833572
175.168365
175.493713
175.809891
176.116776
176.41423
176.702148
176.980423
177.248962
177.507645
177.756424
177.995239
178.22403
178.443146
178.652557
178.852295
179.042374
179.222824
179.393707
179.555084
179.707031
179.849335
179.982086
180.1073
180.225021
180.335297
180.438171
180.533691
180.621887
180.70282
180.776535
180.842819
180.901749
180.954208
181.000259
181.039932
181.073273
181.100311
181.121109
181.135696
181.144135
181.146225
181.146225
181.146225
181.146225
181.146225
181.146225
181.146225
181.146225
181.146225
181.146225
181.146225
181.146225
181.146225
181.146225
181.146225
181.146225
181.146225
181.146225
181.146225
181.146225
181.146225
181.146225
181.146225
181.146225
181.146225
181.146225
181.146225
181.146225
181.146225
181.146225
181.146225
181.146225
181.146225
181.146225
181.146225
181.146225
181.146225
181.146225
181.146225
181.146225
181.146225
181.146225
181.146225
181.146225
181.146225
181.146225
181.146225
181.146225
181.146225
181.146225
181.146225
181.146225
181.146225
181.146225
181.146225
181.146225
181.146225
181.146225
181.146225
181.146225
181.146225
181.146225
181.146225
181.146225
181.146225
181.146225
181.146225
181.146225
181.146225
181.146225
181.146225
181.146225
181.146225
181.146225
181.146225
181.146225
181.146225
181.146225
181.146225
181.146225
181.146225
181.146225
181.146225
181.146225
181.146225
181.146225
181.146225
181.146225
181.146225
181.146225
181.146225
181.146225
181.146927
181.1483
181.150345
181.153061
181.156448
181.160461
181.165131
181.170425
181.17691
181.186142
181.198624
181.214371
181.233353
181.255569
181.281036
181.309723
181.341644
181.37677
181.415237
181.456833
181.501816
181.55014
181.601822
181.65686
181.71521
181.776886
181.841873
181.910156
181.981827
182.056549
182.134674
182.216156
182.30101
182.389206
182.480728
182.575546
182.67366
182.77504
182.879776
182.987686
183.098297
183.211548
183.327393
183.445755
183.566589
183.689819
183.815399
183.943222
184.073624
184.214035
184.364716
184.525558
184.696457
184.877319
185.068024
185.268433
185.478394
185.697784
185.927216
186.167343
186.418076
186.679291
186.950851
187.232574
187.524307
187.825836
188.136963
188.457458
188.785812
189.127563
189.482498
189.850464
190.231323
190.624939
191.031143
191.449753
191.880554
192.323395
192.779037
193.247299
193.728363
194.222244
194.728897
195.248291
195.780426
196.325226
196.88266
197.452667
198.034683
198.628082
199.232407
199.846817
200.470322
201.096924
201.7267
202.359711
202.996048
203.635849
204.278702
204.92511
205.574265
206.226242
206.88121
207.539276
208.200592
208.86525
209.533249
210.204544
210.876648
211.552933
212.233429
212.918106
213.606995
214.300064
214.99733
215.698792
216.404465
217.114334
217.8284
218.546677
219.269196
219.995972
220.727036
221.462463
222.202347
222.946823
223.69606
224.450256
225.209747
225.974457
226.744476
227.520035
228.301346
229.088577
229.881897
230.681427
231.487305
232.299667
233.119095
233.945999
234.780685
235.623352
236.474121
237.333145
238.200531
239.076385
239.960785
240.853821
241.755203
242.666626
243.588623
244.521225
245.464386
246.418121
247.382431
248.357285
249.342697
250.338654
251.344452
252.360107
253.386307
254.42305
255.470352
256.528168
257.596527
258.675385
259.76474
260.864624
261.974121
263.093262
264.2229
265.363037
266.513672
267.674805
268.846375
270.028442
271.220947
272.423889
273.636169
274.857178
276.085144
277.320068
278.56189
279.810699
281.066406
282.329071
283.598663
284.875183
286.1586
287.448975
288.746277
290.050507
291.361664
292.679718
294.00473
295.336639
296.675415
298.021057
299.373505
300.732666
302.098175
303.469635
304.8461
306.226318
307.608551
308.991058
310.373077
311.754333
313.136749
314.509705
315.873077
317.226837
318.570923
319.905273
321.229828
322.544525
323.849365
325.144226
326.429688
327.705353
328.971191
330.227173
331.473267
332.709412
333.935608
335.151825
336.358093
337.554413
338.741547
339.919525
341.088562
342.248932
343.401001
344.545013
345.681244
346.809814
347.930908
349.044586
350.150848
351.249237
352.339355
353.420593
354.492432
355.554413
356.606079
357.647156
358.67749
359.69696
360.705872
361.704071
362.691559
363.668304
364.634277
365.589447
366.533813
367.467346
368.390045
369.30188
370.203186
371.093781
371.973663
372.842804
373.701202
374.548828
375.385681
376.211731
377.026978
377.83139
378.625336
379.40863
380.181305
380.943359
381.694855
382.436066
383.167511
383.890015
384.604584
385.311981
386.013428
386.708771
387.398163
388.081573
388.759094
389.430664
390.096313
390.756012
391.409729
392.057495
392.699707
393.336121
393.966766
394.591614
395.210602
395.82373
396.431
397.03241
397.627899
398.217468
398.801575
399.379974
399.952698
400.519653
401.080902
401.636353
402.186035
402.729889
403.267944
403.800171
404.327087
404.848419
405.364166
405.874329
406.378845
406.877716
407.370941
407.85849
408.340332
408.816498
409.287537
409.753174
410.213348
410.668091
411.117371
411.561127
411.999329
412.431976
412.85907
413.280518
413.697296
414.109314
414.516632
414.919281
415.317261
415.710632
416.099396
416.483551
416.863129
417.238129
417.609436
417.976654
418.339813
418.698822
419.053741
419.40448
419.751038
420.093445
420.43161
420.765594
421.096344
421.423401
421.746765
422.066406
422.382324
422.694458
423.002808
423.307373
423.608093
423.904999
424.199768
424.491364
424.779724
425.064819
425.34668
425.625244
425.900513
426.172455
426.44104
426.706268
426.970062
427.231201
427.489746
427.745575
427.998749
428.249176
428.496857
428.741791
428.983917
429.223267
429.461884
429.698547
429.933197
430.165833
430.396423
430.624908
430.851288
431.075531
431.297638
431.517548
431.737488
431.956116
432.173462
432.389465
432.604065
432.817291
433.029083
433.23941
433.448212
433.655518
433.863525
434.070923
434.27771
434.483826
434.68927
434.893982
435.097931
435.301086
435.503418
435.704895
435.907623
436.110443
436.313324
436.516174
436.718994
436.921722
437.124359
437.326813
437.529053
437.731079
437.934875
438.139374
438.344482
438.550232
438.7565
438.963287
439.170532
439.378204
439.586212
439.794586
440.005157
440.21698
440.429962
440.644043
440.859222
441.075439
441.292633
441.510742
441.729736
441.949554
442.171967
442.396057
442.621796
442.849121
443.077972
443.308319
443.5401
443.773254
444.007721
444.243439
444.482086
444.722809
444.965607
445.210358
445.457092
445.705688
445.956085
446.208282
446.462158
446.717712
446.97641
447.237579
447.50119
447.767151
448.035431
448.305908
448.578583
448.853394
449.130219
449.409027
449.691284
449.976379
450.264252
450.554871
450.848145
451.144012
451.442383
451.743195
452.046417
452.351898
452.661133
452.973663
453.289429
453.608337
453.930328
454.255341
454.583252
454.914001
455.247528
455.583679
455.924011
456.268158
456.616058
456.96759
457.322632
457.681061
458.042786
458.407623
458.775452
459.146118
459.521301
459.900391
460.283234
460.669647
461.059418
461.452332
461.848175
462.246735
462.647736
463.050964
463.458893
463.871826
464.289673
464.712311
465.139587
465.57132
466.007355
466.44751
466.891602
467.339386
467.791321
468.247162
468.706665
469.169586
469.635712
470.104767
470.576477
471.050598
471.526855
472.005066
472.485657
472.968384
473.453003
473.939301
474.427032
474.915955
475.405884
475.896637
476.38797
476.879089
477.365204
477.846222
478.322021
478.79248
479.257507
479.717041
480.171021
480.619385
481.062073
481.499084
481.930237
482.35556
482.774994
483.188568
483.596283
483.998138
484.394104
484.78421
485.168427
485.546783
485.931946
486.323914
486.722687
487.128265
487.54068
487.959869
488.385895
488.818726
489.258331
489.704773
490.15802
490.618073
491.084991
491.558716
492.039246
492.526611
493.020813
493.52182
494.029633
494.544281
495.065765
495.594086
496.129211
496.671204
497.220001
497.775635
498.338135
498.90741
499.483551
500.066498
500.654144
501.24649
501.843475
502.44519
503.051544
503.662598
504.278351
504.898743
505.523834
506.153656
506.798584
507.458618
508.133728
508.823944
509.529266
510.249695
510.985199
511.735809
512.501526
513.282288
514.078186
514.88916
515.715271
516.556458
517.41272
518.284119
519.170593
520.072144
520.988831
521.920593
522.867432
523.829407
524.806458
525.798584
526.805847
527.828186
528.865662
529.918152
530.985779
532.068542
533.166382
534.279297
535.407288
536.550415
537.708679
538.882019
540.070557
541.274231
542.493225
543.727539
544.976746
546.240723
547.519287
548.812439
550.119995
551.442078
552.778687
554.1297
555.495117
556.875061
558.26947
559.678223
561.10144
562.539124
563.991211
565.457825
566.939453
568.436768
569.950195
571.479858
573.025757
574.588013
576.166504
577.761169
579.372131
580.999268
582.642578
584.302002
585.968689
587.635376
589.302002
590.968689
592.635376
594.302063
595.968689
597.635376
599.302063
600.96875
602.635376
604.302063
605.96875
607.635376
609.302063
610.96875
612.635437
614.302063
615.96875
617.635437
619.302063
620.96875
622.635437
624.302124
625.96875
627.635437
629.302124
630.968811
632.635437
634.302124
635.968811
637.635437
639.302124
640.968811
642.635498
644.302124
645.968811
647.635498
649.302124
650.968811
652.635498
654.302185
655.968811
657.635498
659.302185
660.968811
662.635498
664.302185
665.968872
667.635498
669.302185
670.968872
672.635559
674.302185
675.968872
677.635559
679.302185
680.968872
682.635559
684.302246
685.968872
687.635559
689.302185
690.968811
692.635315
694.301758
695.968018
697.633911
699.299377
700.964172
702.628174
704.291382
705.953735
707.615234
709.275879
710.935608
712.594482
714.252502
715.909607
717.565735
719.220947
720.874573
722.526611
724.176331
725.822327
727.462891
729.096497
730.722046
732.33905
733.947144
735.546265
737.136292
738.726013
740.315491
741.904724
743.493774
745.083008
746.672974
748.264343
749.857422
751.452332
753.049133
754.647888
756.248474
757.851013
759.455505
761.06189
762.670166
764.280334
765.892456
767.506531
769.122498
770.740356
772.360168
773.981934
775.605591
777.231262
778.858765
780.488281
782.11969
783.752991
785.388306
787.025513
788.664734
790.306152
791.951355
793.601807
795.257812
796.919495
798.586182
800.252808
801.919495
803.586182
805.252869
806.919495
808.586182
810.252869
811.919495
813.586182
815.252869
816.919556
818.586182
820.252869
821.919556
823.586182
825.252869
826.919556
828.586243
830.252869
831.919556
833.586243
835.25293
836.919556
838.586243
840.25293
841.919556
843.586243
845.25293
846.919617
848.586243
850.25293
851.919617
853.586243
855.25293
856.919617
858.586304
860.25293
861.919617
863.586304
865.252991
866.919617
868.586304
870.252991
871.919617
873.586304
875.252991
876.919678
878.586304
880.252991
881.919678
883.586304
885.252991
886.919678
888.586365
890.252991
891.919678
893.586365
895.253052
896.919678
898.586365
900.253052
901.919678
903.586365
905.253052
906.919739
908.586365
910.253052
911.919739
913.586365
915.253052
916.919739
918.586426
920.253052
921.919739
923.586426
925.253052
926.919739
928.586426
930.253113
931.919739
933.586426
935.253113
936.918945
938.583923
940.247925
941.910889
943.572571
945.232849
946.891479
948.548462
950.203918
951.857788
953.510071
955.160828
956.810059
958.457764
960.103882
961.748474
963.391541
965.03302
966.672974
968.311279
969.947998
971.583008
973.216431
974.848145
976.478149
978.106384
979.73291
981.357605
982.980408
984.600769
986.218628
987.833923
989.446594
991.056519
992.663696
994.268127
995.86969
997.468384
999.064148
1000.655823
1002.246338
1003.835815
1005.424133
1007.011353
1008.597473
1010.182434
1011.766357
1013.349121
1014.930847
1016.511475
1018.091003
1019.669434
1021.246887
1022.823242
1024.39856
1025.972778
1027.546143
1029.118286
1030.689575
1032.259644
1033.828857
1035.397095
1036.964355
1038.530762
1040.096191
1041.660767
1043.224365
1044.787109
1046.348999
1047.909912
1049.470093
1051.029541
1052.588135
1054.146118
1055.703369
1057.259888
1058.815796
1060.371094
1061.925659
1063.479614
1065.032959
1066.58606
1068.138672
1069.690918
1071.24292
1072.794556
1074.346069
1075.897217
1077.448242
1078.998779
1080.549438
1082.10022
1083.651245
1085.202393
1086.753906
1088.305664
1089.85791
1091.4104
1092.963501
1094.516602
1096.070557
1097.625488
1099.181396
1100.738281
1102.296265
1103.855469
1105.415771
1106.977417
1108.540405
1110.104126
1111.6698
1113.237183
1114.806641
1116.378052
1117.95166
1119.527344
1121.105347
1122.685547
1124.268311
1125.852783
1127.440796
1129.033813
1130.632935
1132.238159
1133.849731
1135.467651
1137.091919
1138.722534
1140.359619
1142.002319
1143.651978
1145.308594
1146.97229
1148.638916
1150.305542
1151.97229
1153.638916
1155.305542
1156.97229
1158.638916
1160.305542
1161.97229
1163.638916
1165.305542
1166.97229
1168.638916
1170.305664
1171.97229
1173.638916
1175.305664
1176.97229
1178.638916
1180.305664
1181.97229
1183.638916
1185.305664
1186.97229
1188.639038
1190.305664
1191.969116
1193.629395
1195.286987
1196.942017
1198.594849
1200.245972
1201.89563
1203.543945
1205.190918
1206.837769
1208.482666
1210.125854
1211.767334
1213.407104
1215.045044
1216.681396
1218.315796
1219.948486
1221.579346
1223.208984
1224.836426
1226.46167
1228.084839
1229.705811
1231.324463
1232.940796
1234.554932
1236.166748
1237.776245
1239.383789
1240.988892
1242.591431
1244.191528
1245.789062
1247.384033
1248.97644
1250.566284
1252.153687
1253.738403
1255.320679
1256.900391
1258.477417
1260.051758
1261.623413
1263.192383
1264.758667
1266.322266
1267.883179
1269.441284
1270.996826
1272.549683
1274.099731
1275.646973
1277.191406
1278.73291
1280.271606
1281.807129
1283.339355
1284.867676
1286.391724
1287.910156
1289.422852
1290.929688
1292.430786
1293.926147
1295.415527
1296.89917
1298.376953
1299.848877
1301.315063
1302.775269
1304.229614
1305.678223
1307.12085
1308.557739
1309.988647
1311.413818
1312.833008
1314.24646
1315.653931
1317.055664
1318.451416
1319.841309
1321.225342
1322.603638
1323.975952
1325.342407
1326.702881
1328.057617
1329.406494
1330.74939
1332.086548
1333.417847
1334.743164
1336.062744
1337.376465
1338.684204
1339.986328
1341.282471
1342.572998
1343.858154
1345.137939
1346.412476
1347.682129
1348.946655
1350.206421
1351.461426
1352.711792
1353.957642
1355.199219
1356.43689
1357.670532
1358.900391
1360.126099
1361.348022
1362.565918
1363.780029
1364.990112
1366.196411
1367.393555
1368.582397
1369.763184
1370.936035
1372.101074
1373.258545
1374.408447
1375.551147
1376.686523
1377.814819
1378.936157
1380.050537
1381.158081
1382.258545
1383.352051
1384.438477
1385.517944
1386.590332
1387.65564
1388.713989
1389.764893
1390.80835
1391.843994
1392.87207
1393.892334
1394.904785
1395.909302
1396.905884
1397.894531
1398.875244
1399.847534
1400.810791
1401.764893
1402.709839
1403.645386
1404.571655
1405.488525
1406.395874
1407.293579
1408.182129
1409.060303
1409.927734
1410.78418
1411.629639
1412.464111
1413.287476
1414.099609
1414.900635
1415.69043
1416.46936
1417.23645
1417.991333
1418.733765
1419.463989
1420.181885
1420.887451
1421.580688
1422.261475
1422.92981
1423.58606
1424.229492
1424.859985
1425.477417
1426.081665
1426.672974
1427.251221
1427.816406
1428.368652
1428.907959
1429.434448
1429.947754
1430.448242
1430.936157
1431.411621
1431.874878
1432.326416
1432.766479
1433.195557
1433.614136
1434.022461
1434.420654
1434.812378
1435.197754
1435.577515
1435.95166
1436.320679
1436.684692
1437.044189
1437.399048
1437.74939
1438.095459
1438.437012
1438.774414
1439.107666
1439.436768
1439.761963
1440.08313
1440.400391
1440.713867
1441.023438
1441.329224
1441.63147
1441.930054
1442.224976
1442.516235
1442.803833
1443.087769
1443.368164
1443.64502
1443.918091
1444.187622
1444.453613
1444.715942
1444.974609
1445.229736
1445.481201
1445.729126
1445.973389
1446.214111
1446.451172
1446.678589
1446.895752
1447.102417
1447.298828
1447.484863
1447.660522
1447.82605
1447.981323
1448.126343
1448.260742
1448.385864
1448.500488
1448.604736
1448.69873
1448.782349
1448.855835
1448.919189
1448.972412
1449.015503
1449.048218
1449.071777
1449.085449
1449.089111
1449.089111
1449.089111
1449.089111
1449.089111
1449.089111
1449.089111
1449.089111
1449.089111
1449.089111
1449.089111
1449.089111
1449.089111
1449.089111
1449.089111
1449.089111
1449.089111
1449.089111
1449.089111
1449.089111
1449.089111
1449.089111
1449.089111
1449.089111
1449.089111
1449.089111
1449.089111
1449.089111
1449.089111
1449.089111
1449.089111
1449.089111
1449.089111
1449.089111
1449.089111
1449.089111
1449.089111
1449.089111
1449.089111
1449.089111
1449.089111
1449.089111
1449.089111
1449.089111
1449.089111
1449.089111
1449.089111
1449.089111
1449.089111
1449.089111
1449.089111
1449.089111
1449.089111
1449.089111
1449.089111
1449.089111
1449.089111
1449.089111
1449.089111
1449.089111
1449.089111
1449.089111
1449.089111
1449.089111
1449.089111
1449.089111
1449.089111
1449.089111
1449.089111
1449.089111
1449.089111
1449.089111
1449.089111
1449.089111
1449.089111
1449.089111
1449.089111
1449.089111
1449.089111
1449.089111
1449.089111
1449.089111
1449.089111
1449.089111
1449.089111
1449.089111
1449.089111
1449.089111
1449.089111
1449.089111
1449.089111
1449.089111
1449.089111
1449.089111
1449.089111
1449.089111
1449.089111
1449.089111
1449.089111
1449.089111
1449.089111
1449.089111
1449.089111
1449.089111
1449.089111
1449.089111
1449.089111
1449.089111
1449.089111
1449.089111
1449.089111
1449.089111
1449.089111
1449.089111
1449.089111
1449.089111
1449.089111
1449.089111
1449.089111
1449.089111
1449.089111
1449.089111
1449.089111
1449.089111
1449.089111
1449.089111
1449.089111
1449.089111
1449.089111
1449.089111
1449.089111
1449.089111
1449.089111
1449.089111
1449.089111
1449.089111
1449.089111
1449.089111
1449.089111
1449.089111
1449.089111
1449.089111
1449.089111
1449.089111
1449.089111
1449.089111
1449.089111
1449.089111
1449.089111
1449.089111
1449.089111
1449.089111
1449.089111
1449.089111
1449.089111
1449.089111
1449.089111
1449.089111
1449.089111
1449.089111
1449.089111
1449.089111
1449.089111
1449.089111
1449.089111
1449.089111
1449.089111
1449.089111
1449.089111
1449.089111
1449.089111
1449.089111
1449.089111
1449.089111
1449.089111
1449.089111
1449.089111
1449.089111
1449.089111
1449.089111
1449.089111
1449.089111
1449.089111
1449.089111
1449.089111
1449.089111
1449.089111
1449.089111
1449.089111
1449.089111
1449.089111
1449.089111
1449.089111
1449.089111
1449.089111
1449.089111
1449.089111
1449.089111
1449.089111
1449.089111
1449.089111
1449.089111
1449.089111
1449.089111
1449.089111
1449.089111
1449.089111
1449.089111
1449.089111
1449.089111
1449.089111
1449.089111
1449.089111
1449.089111
1449.089111
1449.089111
1449.089111
1449.089111
1449.089111
1449.089111
1449.089111
1449.089111
1449.089111
1449.089111
1449.089111
1449.089111
1449.089111
1449.089111
1449.089111
1449.089111
1449.089111
1449.089111
1449.089111
1449.089111
1449.089111
1449.089111
1449.089111
1449.089111
1449.089111
1449.089111
1449.089111
1449.089111
1449.089111
1449.089111
1449.089111
1449.089111
1449.089111
1449.089111
1449.089111
1449.089111
1449.089111
1449.089111
1449.089111
1449.089111
1449.089111
1449.089111
1449.089111
1449.089111
1449.089111
1449.089111
1449.089111
1449.089111
1449.089111
1449.089111
1449.089111
1449.089111
1449.089111
1449.092163
1449.098389
1449.107788
1449.120239
1449.135742
1449.154419
1449.176147
1449.200928
1449.229004
1449.26001
1449.294189
1449.331299
1449.371094
1449.413818
1449.459473
1449.507935
1449.559204
1449.613281
1449.670288
1449.730103
1449.792847
1449.858398
1449.92688
1449.998291
1450.072632
1450.14978
1450.22998
1450.312866
1450.398804
1450.487671
1450.579468
1450.674194
1450.772095
1450.872803
1450.976685
1451.083496
1451.193237
1451.30603
1451.421875
1451.540771
1451.66272
1451.787842
1451.91626
1452.047729
1452.182373
1452.32019
1452.461182
1452.605347
1452.752686
1452.903198
1453.057129
1453.214233
1453.374756
1453.538574
1453.705688
1453.876099
1454.049805
1454.226807
1454.407227
1454.590942
1454.777954
1454.968262
1455.161987
1455.359009
1455.559448
1455.763184
1455.970337
1456.180664
1456.394531
1456.611694
1456.832153
1457.05603
1457.283325
1457.513916
1457.747803
1457.985107
1458.22583
1458.469849
1458.717285
1458.96814
1459.22229
1459.479736
1459.740723
1460.005005
1460.272583
1460.543701
1460.817993
1461.095825
1461.376953
1461.661621
1461.949463
1462.240845
1462.535522
1462.833618
1463.135132
1463.440063
1463.748291
1464.059937
1464.374878
1464.693481
1465.015259
1465.340454
1465.669189
1466.001221
1466.336548
1466.675415
1467.017578
1467.363281
1467.712158
1468.064697
1468.42041
1468.779663
1469.142212
1469.508301
1469.877563
1470.250366
1470.626465
1471.005981
1471.388794
1471.775024
1472.167847
1472.566528
1472.971313
1473.382568
1473.800537
1474.225342
1474.657593
1475.097168
1475.544678
1475.999756
1476.464722
1476.939575
1477.424316
1477.918945
1478.423706
1478.938477
1479.463257
1479.998291
1480.543457
1481.098511
1481.662964
1482.237061
1482.820801
1483.41394
1484.016479
1484.628174
1485.249023
1485.878906
1486.5177
1487.164795
1487.819214
1488.481201
1489.150635
1489.827271
1490.511108
1491.202026
1491.89978
1492.604492
1493.315796
1494.033447
1494.75708
1495.48645
1496.221558
1496.962402
1497.708862
1498.460815
1499.218262
1499.981201
1500.749634
1501.521118
1502.295654
1503.073242
1503.854004
1504.637817
1505.424805
1506.214722
1507.007812
1507.803955
1508.603271
1509.40564
1510.21106
1511.019531
1511.831177
1512.645874
1513.463745
1514.284546
1515.108521
1515.935547
1516.765747
1517.598999
1518.435303
1519.274658
1520.117188
1520.962769
1521.811401
1522.663208
1523.518066
1524.375977
1525.237061
1526.101196
1526.968384
1527.838623
1528.712036
1529.588501
1530.468018
1531.350708
1532.23645
1533.125244
1534.01709
1534.912109
1535.810181
1536.711426
1537.615601
1538.522949
1539.433472
1540.346924
1541.26355
1542.183228
1543.106079
1544.03186
1544.960815
1545.892944
1546.828003
1547.766235
1548.70752
1549.651978
1550.599487
1551.550049
1552.503662
1553.460449
1554.420288
1555.383179
1556.349121
1557.318237
1558.290405
1559.265625
1560.244019
1561.225464
1562.209961
1563.197632
1564.188232
1565.182007
1566.178955
1567.178833
1568.181885
1569.187988
1570.197144
1571.209473
1572.224854
1573.243286
1574.264771
1575.289429
1576.317139
1577.3479
1578.381836
1579.418701
1580.45874
1581.501831
1582.547974
1583.59729
1584.649658
1585.705078
1586.76355
1587.825073
1588.889526
1589.956787
1591.026733
1592.098999
1593.173096
1594.249146
1595.326538
1596.405518
1597.485962
1598.567871
1599.651245
1600.736084
1601.822388
1602.910156
1603.99939
1605.090088
1606.188843
1607.295776
1608.410767
1609.533936
1610.665161
1611.804565
1612.951904
1614.107422
1615.270874
1616.442261
1617.621338
1618.807739
1620.001831
1621.203125
1622.411987
1623.628174
1624.851807
1626.082886
1627.321167
1628.566895
1629.819824
1631.079834
1632.346924
1633.620972
1634.901978
1636.189941
1637.484741
1638.786255
1640.094482
1641.40918
1642.72937
1644.05481
1645.385254
1646.720581
1648.060303
1649.404419
1650.752563
1652.10437
1653.459595
1654.818115
1656.17749
1657.537598
1658.898315
1660.259277
1661.620361
1662.981323
1664.342041
1665.702271
1667.06189
1668.420898
1669.778198
1671.133789
1672.487793
1673.839966
1675.190308
1676.53894
1677.886353
1679.234009
1680.58313
1681.934082
1683.286621
1684.640869
1685.996826
1687.35437
1688.713623
1690.074463
1691.437012
1692.801147
1694.166992
1695.534424
1696.903442
1698.274048
1699.64624
1701.02002
1702.395386
1703.772339
1705.151001
1706.531128
1707.912842
1709.296143
1710.680786
1712.067017
1713.45459
1714.84375
1716.234497
1717.626953
1719.020996
1720.416626
1721.814087
1723.213257
1724.614014
1726.016479
1727.420776
1728.82666
1730.234253
1731.643555
1733.054565
1734.467163
1735.881592
1737.297729
1738.715576
1740.13501
1741.556152
1742.979126
1744.403687
1745.829956
1747.257935
1748.687622
1750.119019
1751.552124
1752.986938
1754.423462
1755.861694
1757.301636
1758.743286
1760.186646
1761.631836
1763.078613
1764.527344
1765.977905
1767.430664
1768.885742
1770.343262
1771.803345
1773.266113
1774.731812
1776.200684
1777.672607
1779.148071
1780.627319
1782.110718
1783.598145
1785.089722
1786.585449
1788.085327
1789.589355
1791.097412
1792.609863
1794.126343
1795.646973
1797.171875
1798.700928
1800.234253
1801.771729
1803.313354
1804.859131
1806.409058
1807.963257
1809.521606
1811.084229
1812.651001
1814.221924
1815.796997
1817.376343
1818.959717
1820.547485
1822.139282
1823.735352
1825.335571
1826.939941
1828.549927
1830.165405
1831.786499
1833.413086
1835.045166
1836.682373
1838.324585
1839.971069
1841.620972
1843.273315
1844.92749
1846.583374
1848.241211
1849.900635
1851.56189
1853.224854
1854.889648
1856.556152
1858.222778
1859.889404
1861.556152
1863.222778
1864.889404
1866.556152
1868.222778
1869.889526
1871.556152
1873.222778
1874.889526
1876.556152
1878.222778
1879.889526
1881.556152
1883.222778
1884.889526
1886.556152
1888.2229
1889.889526
1891.556152
1893.2229
1894.889526
1896.556152
1898.2229
1899.889526
1901.556152
1903.2229
1904.889526
1906.556152
1908.2229
1909.889526
1911.556274
1913.2229
1914.889526
1916.556274
1918.2229
1919.889526
1921.556274
1923.2229
1924.889526
1926.556274
1928.2229
1929.889648
1931.556274
1933.2229
1934.889648
1936.556274
1938.2229
1939.889648
1941.556274
1943.2229
1944.889648
1946.556274
1948.2229
1949.889648
1951.556274
1953.223022
1954.889648
1956.556274
1958.223022
1959.889648
1961.556274
1963.223022
1964.889648
1966.556274
1968.223022
1969.889648
1971.556396
1973.223022
1974.889648
1976.556396
1978.223022
1979.889648
1981.556396
1983.223022
1984.889648
1986.556396
1988.223022
1989.889771
1991.556396
1993.223022
1994.889771
1996.556396
1998.223022
1999.889771
2001.556396
2003.223022
2004.889771
2006.556396
2008.223022
2009.889771
2011.556396
2013.223145
2014.889771
2016.556396
2018.223145
2019.889771
2021.556396
2023.223145
2024.889771
2026.556396
2028.223145
2029.889771
2031.556519
2033.223145
2034.889771
2036.556519
2038.223145
2039.889771
2041.556519
2043.223145
2044.889771
2046.556519
2048.223145
2049.889893
2051.556396
2053.223145
2054.889893
2056.556396
2058.223145
2059.889893
2061.556641
2063.223145
2064.889893
2066.556641
2068.223145
2069.889893
2071.556641
2073.223145
2074.889893
2076.556641
2078.223145
2079.889893
2081.556641
2083.223145
2084.889893
2086.556641
2088.223145
2089.889893
2091.556641
2093.223145
2094.889893
2096.556641
2098.223145
2099.889893
2101.556641
2103.223389
2104.889893
2106.556641
2108.223389
2109.889893
2111.556641
2113.223389
2114.889893
2116.556641
2118.223389
2119.889893
2121.556641
2123.223389
2124.889893
2126.556641
2128.223389
2129.889893
2131.556641
2133.223389
2134.889893
2136.556641
2138.223389
2139.889893
2141.556641
2143.223389
2144.890137
2146.556641
2148.223389
2149.890137
2151.556641
2153.223389
2154.890137
2156.556641
2158.223389
2159.890137
2161.556641
2163.223389
2164.890137
2166.556641
2168.223389
2169.890137
2171.556641
2173.223389
2174.890137
2176.556641
2178.223389
2179.890137
2181.556641
2183.223389
2184.890137
2186.556885
2188.223389
2189.890137
2191.556885
2193.223389
2194.890137
2196.556885
2198.223389
2199.890137
2201.556885
2203.223389
2204.890137
2206.556885
2208.223389
2209.890137
2211.556885
2213.223389
2214.890137
2216.556885
2218.223389
2219.890137
2221.556885
2223.223633
2224.890137
2226.556885
2228.223633
2229.890137
2231.556885
2233.223633
2234.890137
2236.556885
2238.223633
2239.890137
2241.556885
2243.223633
2244.890137
2246.556885
2248.223633
2249.890137
2251.556885
2253.223633
2254.890137
2256.556885
2258.223633
2259.890137
2261.556885
2263.223633
2264.890381
2266.556885
2268.223633
2269.890381
2271.556885
2273.223633
2274.890381
2276.556885
2278.223633
2279.890381
2281.556885
2283.223633
2284.890381
2286.556885
2288.223633
2289.890381
2291.556885
2293.223633
2294.890381
2296.556885
2298.223633
2299.890381
2301.556885
2303.223633
2304.890381
2306.557129
2308.223633
2309.890381
2311.557129
2313.223633
2314.890381
2316.557129
2318.223633
2319.890381
2321.557129
2323.223633
2324.890381
2326.557129
2328.223633
2329.890381
2331.557129
2333.223633
2334.890381
2336.557129
2338.223633
2339.890381
2341.557129
2343.223633
2344.890381
2346.557129
2348.223877
2349.890381
2351.557129
2353.223877
2354.890381
2356.557129
2358.223877
2359.890381
2361.557129
2363.223877
2364.890381
2366.557129
2368.223877
2369.890381
2371.557129
2373.223877
2374.890381
2376.557129
2378.223877
2379.890381
2381.557129
2383.223877
2384.890381
2386.557129
2388.223877
2389.890625
2391.557129
2393.223877
2394.890625
2396.557129
2398.223877
2399.890625
2401.557129
2403.223877
2404.890625
2406.557129
2408.223877
2409.890625
2411.557129
2413.223877
2414.890625
2416.557129
2418.223877
2419.890625
2421.557129
2423.223877
2424.890625
2426.557129
2428.223877
2429.890625
2431.557373
2433.223877
2434.890625
2436.557373
2438.223877
2439.890625
2441.557373
2443.223877
2444.890625
2446.557373
2448.223877
2449.890625
2451.557373
2453.223877
2454.890625
2456.557373
2458.223877
2459.890625
2461.557373
2463.223877
2464.890625
2466.557373
2468.224121
2469.890625
2471.557373
2473.224121
2474.890625
2476.557373
2478.224121
2479.890625
2481.557373
2483.224121
2484.890625
2486.557373
2488.224121
2489.890625
2491.557373
2493.224121
2494.890625
2496.557373
2498.224121
2499.890625
2501.557373
2503.224121
2504.890625
2506.557373
2508.224121
2509.890869
2511.557373
2513.224121
2514.890869
2516.557373
2518.224121
2519.890869
2521.557373
2523.224121
2524.890869
2526.557373
2528.224121
2529.890869
2531.557373
2533.224121
2534.890869
2536.557373
2538.224121
2539.890869
2541.557373
2543.224121
2544.890869
2546.557373
2548.224121
2549.890869
2551.557617
2553.224121
2554.890869
2556.557617
2558.224121
2559.890869
2561.557617
2563.224121
2564.890869
2566.557617
2568.224121
2569.890869
2571.557617
2573.224121
2574.890869
2576.557617
2578.224121
2579.890869
2581.557617
2583.224121
2584.890869
2586.557617
2588.224121
2589.890869
2591.557617
2593.224365
2594.890869
2596.557617
2598.224365
2599.890869
2601.557617
2603.224365
2604.890869
2606.557617
2608.224365
2609.890869
2611.557617
2613.224365
2614.890869
2616.557617
2618.224365
2619.890869
2621.557617
2623.224365
2624.890869
2626.557617
2628.224365
2629.890869
2631.557617
2633.224365
2634.891113
2636.557617
2638.224365
2639.891113
2641.557617
2643.224365
2644.891113
2646.557617
2648.224365
2649.891113
2651.557617
2653.224365
2654.891113
2656.557617
2658.224365
2659.891113
2661.557617
2663.224365
2664.891113
2666.557617
2668.224365
2669.891113
2671.557861
2673.224365
2674.891113
2676.557861
2678.224365
2679.891113
2681.557861
2683.224365
2684.891113
2686.557861
2688.224365
2689.891113
2691.557861
2693.224365
2694.891113
2696.557861
2698.224365
2699.890625
2701.556885
2703.222412
2704.887695
2706.551758
2708.216309
2709.87915
2711.540771
2713.201172
2714.859619
2716.516846
2718.172119
2719.825928
2721.478271
2723.12915
2724.780029
2726.432373
2728.087891
2729.747559
2731.412109
2733.078613
2734.745361
2736.412109
2738.078613
2739.745361
2741.412109
2743.078613
2744.745361
2746.412109
2748.078857
2749.745361
2751.412109
2753.078857
2754.745361
2756.412109
2758.078857
2759.745361
2761.412109
2763.078857
2764.745361
2766.412109
2768.078857
2769.745361
2771.412109
2773.078857
2774.745361
2776.412109
2778.078857
2779.745361
2781.412109
2783.078857
2784.745605
2786.412109
2788.078857
2789.745605
2791.412109
2793.078857
2794.745605
2796.412109
2798.078857
2799.745605
2801.412109
2803.075439
2804.735107
2806.380371
2808.01123
2809.62793
2811.230225
2812.818359
2814.392334
2815.951904
2817.49707
2819.028076
2820.545166
2822.048584
2823.538818
2825.015869
2826.480225
2827.931885
2829.370605
2830.796387
2832.209717
2833.610107
2834.998291
2836.375
2837.739258
2839.090088
2840.42749
2841.751221
2843.061279
2844.35791
2845.641113
2846.910645
2848.167236
2849.411377
2850.643799
2851.864502
2853.073486
2854.270996
2855.456787
2856.630859
2857.793457
2858.944336
2860.084229
2861.213867
2862.333008
2863.442139
2864.54126
2865.630371
2866.709473
2867.77832
2868.837402
2869.88623
2870.925781
2871.955566
2872.982178
2874.005859
2875.026123
2876.043213
2877.056641
2878.066895
2879.073242
2880.076172
2881.074951
2882.06958
2883.060059
2884.045898
2885.027588
2886.00415
2886.975586
2887.941406
2888.901367
2889.854736
2890.800781
2891.73877
2892.668213
2893.589355
2894.501709
2895.405029
2896.299072
2897.183838
2898.059326
2898.925049
2899.78125
2900.62793
2901.4646
2902.291748
2903.109375
2903.916992
2904.714844
2905.502686
2906.281006
2907.049316
2907.807861
2908.556641
2909.295654
2910.024902
2910.744141
2911.453613
2912.153076
2912.842773
2913.522705
2914.192627
2914.852783
2915.50293
2916.143555
2916.773926
2917.394775
2918.005615
2918.606445
2919.19751
2919.778809
2920.349854
2920.911377
2921.462891
2922.004639
2922.536377
2923.05835
2923.570557
2924.072754
2924.564941
2925.047363
2925.52002
2925.982666
2926.435303
2926.878418
2927.311523
2927.734863
2928.148193
2928.551514
2928.945312
2929.329102
2929.702881
2930.066895
2930.421143
2930.765625
2931.100098
2931.424805
2931.739746
2932.044678
2932.340088
2932.625244
2932.900879
2933.166504
2933.422607
2933.668701
2933.905273
2934.131836
2934.348877
2934.555908
2934.753418
2934.940918
2935.118652
2935.286865
2935.445312
2935.594238
2935.733398
2935.862793
2935.982666
2936.093018
2936.193604
2936.284424
2936.365723
2936.437256
2936.499512
2936.552246
2936.595703
2936.629395
2936.653809
2936.668457
2936.673828
2936.673828
2936.673828
2936.673828
2936.673828
2936.673828
2936.673828
2936.673828
2936.673828
2936.673828
2936.673828
2936.673828
2936.673828
2936.673828
2936.673828
2936.673828
2936.673828
2936.673828
2936.673828
2936.673828
2936.673828
2936.673828
2936.673828
2936.673828
2936.673828
2936.673828
2936.673828
2936.673828
2936.673828
2936.673828
2936.673828
2936.673828
2936.673828
2936.673828
2936.673828
2936.673828
2936.673828
2936.673828
2936.673828
2936.673828
2936.673828
2936.673828
2936.673828
2936.673828
2936.673828
2936.673828
2936.673828
2936.673828
2936.673828
2936.673828
2936.673828
2936.673828
2936.673828
2936.673828
2936.673828
2936.673828
2936.673828
2936.673828
2936.673828
2936.673828
2936.673828
2936.673828
2936.673828
2936.673828
2936.673828
2936.673828
2936.673828
2936.673828
2936.673828
2936.673828
2936.673828
2936.673828
2936.673828
2936.673828
2936.673828
2936.673828
2936.673828
2936.673828
2936.673828
2936.673828
2936.673828
2936.673828
2936.673828
2936.673828
2936.673828
2936.673828
2936.673828
2936.673828
2936.673828
2936.673828
2936.673828
2936.673828
2936.673828
2936.673828
2936.673828
2936.673828
2936.673828
2936.673828
2936.673828
2936.673828
2936.673828
2936.673828
2936.673828
2936.673828
2936.673828
2936.673828
2936.673828
2936.673828
2936.673828
2936.673828
2936.673828
2936.673828
2936.673828
2936.673828
2936.673828
2936.673828
2936.673828
2936.673828
2936.673828
2936.673828
2936.673828
2936.673828
2936.673828
2936.673828
2936.673828
2936.673828
2936.673828
2936.673828
2936.673828
2936.673828
2936.673828
2936.673828
2936.673828
2936.673828
2936.673828
2936.673828
2936.673828
2936.673828
2936.673828
2936.673828
2936.673828
2936.673828
2936.673828
2936.673828
2936.673828
2936.673828
2936.673828
2936.673828
2936.673828
2936.673828
2936.673828
2936.673828
2936.673828
2936.673828
2936.673828
2936.673828
2936.673828
2936.673828
2936.673828
2936.673828
2936.673828
2936.673828
2936.673828
2936.673828
2936.673828
2936.673828
2936.673828
2936.673828
2936.673828
2936.673828
2936.673828
2936.673828
2936.673828
2936.673828
2936.673828
2936.673828
2936.673828
2936.673828
2936.673828
2936.673828
2936.673828
2936.673828
2936.673828
2936.673828
2936.673828
2936.673828
2936.673828
2936.673828
2936.673828
2936.673828
2936.673828
2936.673828
2936.673828
2936.673828
2936.673828
2936.673828
2936.673828
2936.673828
2936.673828
2936.673828
2936.673828
2936.673828
2936.673828
2936.673828
2936.673828
2936.673828
2936.673828
2936.673828
2936.673828
2936.673828
2936.673828
2936.673828
2936.673828
2936.673828
2936.676758
2936.681885
2936.689697
2936.699707
2936.712158
2936.727051
2936.744141
2936.763672
2936.785645
2936.809814
2936.838379
2936.871094
2936.908203
2936.949463
2936.994873
2937.044434
2937.098389
2937.156494
2937.21875
2937.2854
2937.356689
2937.432861
2937.51416
2937.600098
2937.690918
2937.786865
2937.887451
2937.99292
2938.103271
2938.218506
2938.338867
2938.464111
2938.594482
2938.729736
2938.870117
2939.015381
2939.165771
2939.321289
2939.481689
2939.647217
2939.813232
2939.979736
2940.146973
2940.314453
2940.482422
2940.651123
2940.820068
2940.989746
2941.159668
2941.330322
2941.501465
2941.673096
2941.845215
2942.017822
2942.190918
2942.364746
2942.538818
2942.713379
2942.888428
2943.064209
2943.240479
2943.417236
2943.594727
2943.772705
2943.951172
2944.130127
2944.309814
2944.48999
2944.670654
2944.852295
2945.034668
2945.218018
2945.402344
2945.587891
2945.77417
2945.961426
2946.149658
2946.338867
2946.529053
2946.721191
2946.916016
2947.11377
2947.314453
2947.517822
2947.724365
2947.933838
2948.146484
2948.362305
2948.581787
2948.805908
2949.038086
2949.277588
2949.524658
2949.779541
2950.04248
2950.313477
2950.592529
2950.880127
2951.17627
2951.481934
2951.800049
2952.129883
2952.471436
2952.825195
2953.190674
2953.568604
2953.958496
2954.360596
2954.774902
2955.202148
2955.642578
2956.095703
2956.562012
2957.04126
2957.533447
2958.038574
2958.556641
2959.087646
2959.631836
2960.175293
2960.718018
2961.260254
2961.801758
2962.342529
2962.882812
2963.422363
2963.961426
2964.499756
2965.037598
2965.574707
2966.111084
2966.646973
2967.182129
2967.716553
2968.250244
2968.783203
2969.315674
2969.847412
2970.378662
2970.908936
2971.438721
2971.967773
2972.496094
2973.023682
2973.550293
2974.076416
2974.601807
2975.126465
2975.650635
2976.173828
2976.696533
2977.218262
2977.739258
2978.259521
2978.778809
2979.297607
2979.81543
2980.332764
2980.849121
2981.36499
2981.880127
2982.394531
2982.908203
2983.421143
2983.93335
2984.444824
2984.955566
2985.465576
2985.975342
2986.484375
2986.993408
2987.502441
2988.010986
2988.519531
2989.027832
2989.536133
2990.044434
2990.552734
2991.061523
2991.571533
2992.083008
2992.596436
2993.111816
2993.62915
2994.148438
2994.669922
2995.193359
2995.719238
2996.248047
2996.780273
2997.315918
2997.855225
2998.398193
2998.944824
2999.495117
3000.049072
3000.616455
3001.19751
3001.792236
3002.400635
3003.022217
3003.657471
3004.305908
3004.967773
3005.642822
3006.331543
3007.033203
3007.748291
3008.477051
3009.218994
3009.974121
3010.742188
3011.523193
3012.317383
3013.124268
3013.944092
3014.776855
3015.622314
3016.480957
3017.352539
3018.236816
3019.133057
3020.041748
3020.962646
3021.895508
3022.840576
3023.797607
3024.766357
3025.747803
3026.741699
3027.746826
3028.762939
3029.790039
3030.827881
3031.876709
3032.936279
3034.006348
3035.086914
3036.179199
3037.282227
3038.39502
3039.51709
3040.648438
3041.788818
3042.938232
3044.096436
3045.263428
3046.438965
3047.624512
3048.819336
3050.021484
3051.230957
3052.44751
3053.670654
3054.899658
3056.134521
3057.374268
3058.618652
3059.868408
3061.122559
3062.380127
3063.640381
3064.903564
3066.169434
3067.438232
3068.709473
3069.983154
3071.259521
3072.539307
3073.822266
3075.106934
3076.393555
3077.682129
3078.972656
3080.264893
3081.558838
3082.854736
3084.1521
3085.451904
3086.753418
3088.061279
3089.375244
3090.695312
3092.021729
3093.354004
3094.692627
3096.037354
3097.388428
3098.745605
3100.108887
3101.478271
3102.85376
3104.235596
3105.623535
3107.017578
3108.417969
3109.824219
3111.236816
3112.655762
3114.080566
3115.511719
3116.948975
3118.392334
3119.841797
3121.297607
3122.759521
3124.227539
3125.70166
3127.182129
3128.668457
3130.161133
3131.660156
3133.165039
3134.67627
3136.193604
3137.717041
3139.246582
3140.782471
3142.324463
3143.872559
3145.426758
3146.987061
3148.553711
3150.126465
3151.705322
3153.290527
3154.881592
3156.479004
3158.08252
3159.692139
3161.308105
3162.930176
3164.55835
3166.192627
3167.833008
3169.479736
3171.132568
3172.791504
3174.456543
3176.123291
3177.789795
3179.456543
3181.123291
3182.789795
3184.456543
3186.123291
3187.789795
3189.456543
3191.123291
3192.789795
3194.456543
3196.123291
3197.789795
3199.456543
3201.123291
3202.790039
3204.456543
3206.123291
3207.790039
3209.456543
3211.123291
3212.790039
3214.456543
3216.123291
3217.790039
3219.456543
3221.123291
3222.790039
3224.456543
3226.123291
3227.790039
3229.456543
3231.123291
3232.790039
3234.456543
3236.123291
3237.790039
3239.456543
3241.123291
3242.790039
3244.456787
3246.123291
3247.790039
3249.456787
3251.123291
3252.790039
3254.456787
3256.123291
3257.790039
3259.456787
3261.123291
3262.790039
3264.456787
3266.123291
3267.790039
3269.456787
3271.123291
3272.790039
3274.456787
3276.123291
3277.790039
3279.456787
3281.123535
3282.790039
3284.456787
3286.123535
3287.790039
3289.456787
3291.123535
3292.790039
3294.456787
3296.123535
3297.790039
3299.456787
3301.123535
3302.790039
3304.456787
3306.123535
3307.790039
3309.456787
3311.123535
3312.790039
3314.456787
3316.123535
3317.790039
3319.456787
3321.123535
3322.790283
3324.456787
3326.123535
3327.790283
3329.456787
3331.123535
3332.790283
3334.456787
3336.123535
3337.790283
3339.456787
3341.123535
3342.790283
3344.456787
3346.123535
3347.790283
3349.456787
3351.123535
3352.790283
3354.456787
3356.123535
3357.790283
3359.456787
3361.123535
3362.790283
3364.457031
3366.123535
3367.790283
3369.457031
3371.123535
3372.790283
3374.457031
3376.123535
3377.790283
3379.457031
3381.123535
3382.790283
3384.457031
3386.123535
3387.790283
3389.457031
3391.123535
3392.790283
3394.457031
3396.123535
3397.790283
3399.457031
3401.123535
3402.790283
3404.457031
3406.123779
3407.790283
3409.457031
3411.123779
3412.790283
3414.457031
3416.123779
3417.790283
3419.457031
3421.123779
3422.790283
3424.457031
3426.123779
3427.790283
3429.457031
3431.123779
3432.790283
3434.457031
3436.123779
3437.790283
3439.457031
3441.123779
3442.790283
3444.457031
3446.123779
3447.790527
3449.457031
3451.123779
3452.790527
3454.457031
3456.123779
3457.790527
3459.457031
3461.123779
3462.790527
3464.457031
3466.123779
3467.790527
3469.457031
3471.123779
3472.790527
3474.457031
3476.123779
3477.790527
3479.457031
3481.123779
3482.790527
3484.457275
3486.123779
3487.790527
3489.457275
3491.123779
3492.790527
3494.457275
3496.123779
3497.790527
3499.457275
3501.123779
3502.790527
3504.457275
3506.123779
3507.790527
3509.457275
3511.123779
3512.790527
3514.457275
3516.123779
3517.790527
3519.457275
3521.123779
3522.790527
3524.457275
3526.124023
3527.790527
3529.457275
3531.124023
3532.790527
3534.457275
3536.124023
3537.790527
3539.457275
3541.124023
3542.790527
3544.457275
3546.124023
3547.790527
3549.457275
3551.124023
3552.790527
3554.457275
3556.124023
3557.790527
3559.457275
3561.124023
3562.790527
3564.457275
3566.124023
3567.790771
3569.457275
3571.124023
3572.790771
3574.457275
3576.124023
3577.790771
3579.457275
3581.124023
3582.790771
3584.457275
3586.124023
3587.790771
3589.457275
3591.124023
3592.790771
3594.457275
3596.124023
3597.790771
3599.457275
3601.124023
3602.790771
3604.457275
3606.123779
3607.789795
3609.455566
3611.12085
3612.785889
3614.450439
3616.114746
3617.778564
3619.441895
3621.10498
3622.767578
3624.429688
3626.091553
3627.753174
3629.414307
3631.074951
3632.735352
3634.395264
3636.054688
3637.713867
3639.372559
3641.031006
3642.688965
3644.34668
3646.003906
3647.660645
3649.317139
3650.973145
3652.628906
3654.28418
3655.939209
3657.59375
3659.247803
3660.901611
3662.554932
3664.207764
3665.860352
3667.512695
3669.164551
3670.815918
3672.467041
3674.117676
3675.767822
3677.421631
3679.078857
3680.739502
3682.403809
3684.070312
3685.737061
3687.403809
3689.064209
3690.718506
3692.366455
3694.008301
3695.643799
3697.273193
3698.89624
3700.513184
3702.123779
3703.728271
3705.32666
3706.918701
3708.504395
3710.083984
3711.657227
3713.224365
3714.7854
3716.339844
3717.888428
3719.430664
3720.966553
3722.496338
3724.02002
3725.537354
3727.04834
3728.553223
3730.052002
3731.544189
3733.030518
3734.510498
3735.984131
3737.45166
3738.913086
3740.368164
3741.816895
3743.259521
3744.696045
3746.126221
3747.550049
3748.967773
3750.379395
3751.784424
3753.183594
3754.576416
3755.962891
3757.343262
3758.717529
3760.085449
3761.447021
3762.80249
3764.151855
3765.494873
3766.831543
3768.162109
3769.486328
3770.804443
3772.116455
3773.422119
3774.721436
3776.014648
3777.301514
3778.582275
3779.856934
3781.125244
3782.387207
3783.643066
3784.892578
3786.135986
3787.373291
3788.604248
3789.828857
3791.047363
3792.259521
3793.465576
3794.665527
3795.858887
3797.046387
3798.227539
3799.402344
3800.571045
3801.733398
3802.889648
3804.039551
3805.18335
3806.321045
3807.452148
3808.577393
3809.696289
3810.808838
3811.915283
3813.015381
3814.109375
3815.197021
3816.278564
3817.35376
3818.422852
3819.48584
3820.542236
3821.592773
3822.636719
3823.674805
3824.706543
3825.731934
3826.751221
3827.76416
3828.770996
3829.771484
3830.765869
3831.753906
3832.73584
3833.711426
3834.680908
3835.644043
3836.601074
3837.551758
3838.496338
3839.43457
3840.366699
3841.29248
3842.212402
3843.126953
3844.037109
3844.943604
3845.846436
3846.74585
3847.641846
3848.534424
3849.423828
3850.30957
3851.191895
3852.071045
3852.946777
3853.819092
3854.688232
3855.553711
3856.416016
3857.275146
3858.130859
3858.983398
3859.832764
3860.678955
3861.522217
3862.362549
3863.200684
3864.036377
3864.869629
3865.700928
3866.530273
3867.357666
3868.184326
3869.01001
3869.835205
3870.660645
3871.486328
3872.312256
3873.138916
3873.966064
3874.793945
3875.622559
3876.451904
3877.282471
3878.11377
3878.946533
3879.780029
3880.614746
3881.450684
3882.287598
3883.125488
3883.964844
3884.805176
3885.646484
3886.489258
3887.333008
3888.177979
3889.023926
3889.871338
3890.719727
3891.569336
3892.420166
3893.272217
3894.125244
3894.979736
3895.835449
3896.692383
3897.550537
3898.409912
3899.270752
3900.132812
3900.996094
3901.86084
3902.726807
3903.594238
3904.462646
3905.33252
3906.202881
3907.074463
3907.946289
3908.818604
3909.691162
3910.563965
3911.436768
3912.309814
3913.182861
3914.055908
3914.928711
3915.801514
3916.674316
3917.547119
3918.419678
3919.292236
3920.164551
3921.036865
3921.908936
3922.780762
3923.652588
3924.523926
3925.395264
3926.266113
3927.136963
3928.007568
3928.877686
3929.747559
3930.617188
3931.486572
3932.355469
3933.224121
3934.092285
3934.960205
3935.827637
3936.69458
3937.561279
3938.42749
3939.293213
3940.158447
3941.023193
3941.887207
3942.750732
3943.61377
3944.476318
3945.337891
3946.19873
3947.058594
3947.917969
3948.7771
3949.635498
3950.493652
3951.351074
3952.208252
3953.064697
3953.92041
3954.775635
3955.629883
3956.483154
3957.335693
3958.1875
3959.038086
3959.887939
3960.736816
3961.584473
3962.430664
3963.275635
3964.118652
3964.959961
3965.799316
3966.636963
3967.472412
3968.305908
3969.137451
3969.966797
3970.792969
3971.617676
3972.446045
3973.27832
3974.114746
3974.955322
3975.800293
3976.649902
3977.50415
3978.363281
3979.228027
3980.098633
3980.975098
3981.85791
3982.746338
3983.640625
3984.540771
3985.446289
3986.356934
3987.272705
3988.193359
3989.118896
3990.049072
3990.983887
3991.92334
3992.867432
3993.816162
3994.769775
3995.727783
3996.69043
3997.657959
3998.629883
3999.606689
4000.588135
4001.574219
4002.564941
4003.560303
4004.560303
4005.564941
4006.574219
4007.588379
4008.606934
4009.630371
4010.658203
4011.690918
4012.728271
4013.770264
4014.816895
4015.868164
4016.924072
4017.984619
4019.050049
4020.119873
4021.19458
4022.273682
4023.357666
4024.446289
4025.539551
4026.637451
4027.73999
4028.847168
4029.958984
4031.075684
4032.196777
4033.322754
4034.453125
4035.588379
4036.728271
4037.872803
4039.021973
4040.175781
4041.334229
4042.497314
4043.665283
4044.837646
4046.014648
4047.196533
4048.383057
4049.574219
4050.769775
4051.970215
4053.175293
4054.385254
4055.599609
4056.818604
4058.04248
4059.270752
4060.503906
4061.741455
4062.983887
4064.230957
4065.482666
4066.739014
4068
4069.265625
4070.536133
4071.811035
4073.09082
4074.375
4075.664062
4076.957764
4078.256104
4079.558838
4080.866455
4082.178955
4083.49585
4084.817383
4086.143799
4087.474609
4088.810303
4090.150391
4091.495361
4092.844971
4094.199219
4095.558105
4096.921875
4098.290039
4099.662598
4101.040527
4102.422363
4103.80957
4105.201172
4106.597168
4107.998047
4109.403809
4110.813965
4112.229004
4113.648438
4115.072754
4116.501465
4117.935059
4119.373535
4120.816406
4122.264648
4123.716797
4125.174316
4126.63623
4128.103027
4129.574707
4131.050781
4132.531738
4134.017578
4135.508301
4137.003418
4138.503418
4140.008301
4141.517578
4143.031738
4144.550781
4146.074219
4147.602539
4149.135254
4150.672363
4152.214355
4153.76123
4155.312012
4156.867676
4158.428223
4159.992676
4161.562012
4163.13623
4164.714844
4166.297852
4167.885254
4169.477539
4171.074219
4172.675293
4174.28125
4175.891602
4177.506836
4179.126465
4180.750488
4182.378906
4184.012207
4185.649902
4187.29248
4188.938965
4190.59082
4192.246582
4193.907227
4195.572266
4197.23877
4198.905762
4200.572266
4202.23877
4203.905762
4205.572266
4207.23877
4208.905762
4210.572266
4212.23877
4213.905762
4215.572266
4217.23877
4218.905762
4220.572266
4222.23877
4223.905762
4225.572266
4227.23877
4228.905762
4230.572266
4232.23877
4233.905762
4235.572266
4237.23877
4238.905762
4240.572266
4242.239258
4243.905762
4245.572266
4247.239258
4248.905762
4250.572266
4252.239258
4253.905762
4255.572266
4257.239258
4258.905762
4260.572266
4262.239258
4263.905762
4265.572266
4267.239258
4268.905762
4270.572266
4272.239258
4273.905762
4275.572266
4277.239258
4278.905762
4280.572266
4282.239258
4283.905762
4285.572266
4287.239258
4288.905762
4290.572266
4292.239258
4293.905762
4295.572266
4297.239258
4298.905762
4300.572266
4302.239258
4303.905762
4305.572266
4307.239258
4308.905762
4310.572266
4312.239258
4313.905762
4315.572266
4317.239258
4318.905762
4320.572754
4322.239258
4323.905762
4325.572754
4327.239258
4328.905762
4330.572754
4332.239258
4333.905762
4335.572754
4337.239258
4338.905762
4340.572754
4342.239258
4343.905762
4345.572754
4347.239258
4348.905762
4350.572754
4352.239258
4353.905762
4355.572754
4357.239258
4358.905762
4360.572754
4362.239258
4363.905762
4365.572754
4367.239258
4368.905762
4370.572754
4372.239258
4373.905762
4375.572754
4377.239258
4378.905762
4380.572754
4382.239258
4383.905762
4385.572754
4387.239258
4388.905762
4390.572754
4392.239258
4393.905762
4395.572754
4397.239258
4398.905762
4400.572754
4402.239258
4403.90625
4405.572754
4407.239258
4408.90625
4410.572754
4412.239258
4413.90625
4415.572754
4417.239258
4418.90625
4420.572754
4422.239258
4423.90625
4425.572754
4427.239258
4428.90625
4430.572754
4432.239258
4433.90625
4435.572754
4437.239258
4438.90625
4440.572754
4442.239258
4443.90625
4445.572754
4447.239258
4448.90625
4450.572754
4452.239258
4453.90625
4455.572754
4457.239258
4458.90625
4460.572754
4462.239258
4463.90625
4465.572754
4467.239258
4468.90625
4470.572754
4472.239258
4473.90625
4475.572754
4477.239258
4478.90625
4480.572754
4482.239258
4483.90625
4485.572754
4487.239746
4488.90625
4490.572754
4492.239746
4493.90625
4495.572754
4497.239746
4498.90625
4500.572754
4502.239746
4503.90625
4505.572754
4507.239746
4508.90625
4510.572754
4512.239746
4513.90625
4515.572754
4517.239746
4518.90625
4520.572754
4522.239746
4523.90625
4525.572754
4527.239746
4528.90625
4530.572754
4532.239746
4533.90625
4535.572754
4537.239746
4538.90625
4540.572754
4542.239746
4543.90625
4545.572754
4547.239746
4548.90625
4550.572754
4552.239746
4553.90625
4555.572754
4557.239746
4558.90625
4560.572754
4562.239746
4563.90625
4565.573242
4567.239746
4568.90625
4570.573242
4572.239746
4573.90625
4575.573242
4577.239746
4578.90625
4580.573242
4582.239746
4583.90625
4585.573242
4587.239746
4588.90625
4590.573242
4592.239746
4593.90625
4595.573242
4597.239746
4598.902832
4600.562988
4602.219238
4603.872559
4605.522461
4607.169434
4608.813477
4610.455078
4612.094238
4613.729004
4615.361328
4616.990234
4618.616211
4620.239746
4621.860352
4623.478027
4625.093262
4626.707031
4628.317871
4629.925781
4631.530762
4633.132812
4634.73291
4636.330566
4637.925781
4639.518555
4641.109375
4642.69873
4644.285645
4645.870117
4647.45166
4649.03125
4650.608887
4652.18457
4653.758301
4655.330078
4656.899902
4658.468262
4660.035156
4661.599609
4663.161621
4664.722168
4666.280762
4667.837891
4669.393066
4670.946777
4672.499023
4674.050293
4675.600098
4677.147461
4678.693359
4680.237793
4681.780273
4683.321777
4684.861816
4686.400391
4687.9375
4689.473145
4691.007812
4692.539062
4694.067871
4695.593262
4697.115234
4698.633789
4700.147949
4701.657715
4703.163086
4704.664062
4706.161133
4707.651855
4709.138184
4710.619629
4712.09668
4713.568848
4715.036621
4716.499512
4717.958496
4719.413086
4720.863281
4722.308105
4723.749023
4725.185059
4726.616699
4728.043945
4729.467285
4730.88623
4732.300781
4733.711426
4735.117676
4736.519531
4737.916992
4739.310059
4740.699219
4742.083984
4743.464844
4744.841797
4746.214355
4747.583496
4748.948242
4750.308594
4751.665039
4753.01709
4754.365723
4755.709961
4757.050293
4758.386719
4759.71875
4761.047852
4762.372559
4763.693359
4765.009766
4766.322754
4767.631348
4768.936523
4770.237793
4771.534668
4772.828613
4774.118164
4775.404297
4776.686035
4777.964355
4779.23877
4780.508789
4781.775879
4783.038574
4784.297852
4785.553223
4786.805176
4788.053223
4789.297363
4790.537598
4791.774414
4793.007324
4794.236816
4795.461914
4796.684082
4797.902344
4799.117188
4800.329102
4801.538574
4802.746582
4803.95459
4805.163086
4806.373047
4807.585449
4808.800781
4810.020508
4811.244141
4812.472168
4813.705078
4814.942871
4816.186035
4817.433594
4818.686035
4819.943359
4821.205566
4822.472656
4823.745117
4825.021973
4826.303711
4827.59082
4828.882324
4830.179199
4831.480469
4832.786621
4834.097656
4835.413574
4836.734863
4838.060547
4839.391602
4840.727051
4842.067383
4843.412598
4844.762695
4846.117676
4847.477539
4848.842285
4850.211426
4851.585938
4852.965332
4854.349609
4855.738281
4857.131836
4858.530762
4859.934082
4861.341797
4862.754883
4864.172852
4865.595703
4867.015137
4868.431152
4869.84375
4871.25293
4872.658203
4874.060547
4875.458984
4876.854004
4878.245605
4879.633789
4881.018555
4882.399902
4883.777832
4885.151855
4886.522949
4887.890137
4889.254395
4890.614746
4891.97168
4893.325195
4894.675293
4896.021484
4897.364746
4898.70459
4900.040527
4901.373047
4902.702637
4904.02832
4905.350586
4906.669434
4907.984863
4909.296387
4910.60498
4911.909668
4913.211426
4914.509277
4915.803711
4917.094727
4918.382324
4919.666504
4920.947266
4922.224121
4923.498047
4924.768066
4926.035156
4927.29834
4928.558105
4929.814453
4931.067383
4932.316895
4933.5625
4934.805176
4936.043945
4937.279785
4938.511719
4939.740234
4940.965332
4942.187012
4943.405273
4944.620117
4945.831055
4947.039062
4948.243164
4949.443848
4950.641602
4951.835449
4953.025879
4954.212891
4955.395996
4956.576172
4957.75293
4958.92627
4960.096191
4961.263184
4962.427246
4963.588867
4964.748047
4965.905762
4967.0625
4968.222656
4969.38623
4970.554199
4971.726562
4972.903809
4974.085449
4975.272461
4976.464355
4977.661133
4978.863281
4980.070312
4981.282227
4982.499512
4983.722168
4984.949707
4986.182617
4987.42041
4988.663086
4989.911133
4991.164551
4992.422852
4993.686523
4994.955078
4996.229004
4997.507812
4998.791504
5000.081055
5001.366699
5002.648926
5003.927246
5005.202637
5006.474609
5007.742676
5009.007812
5010.269043
5011.526855
5012.78125
5014.032227
5015.279785
5016.523926
5017.764648
5019.001465
5020.235352
5021.465332
5022.692383
5023.915527
5025.135254
5026.352051
5027.56543
5028.775391
5029.983887
5031.190918
5032.397461
5033.604492
5034.812988
5036.023926
5037.238281
5038.456055
5039.678711
5040.905273
5042.137207
5043.374512
5044.616211
5045.86377
5047.115723
5048.373047
5049.635742
5050.90332
5052.17627
5053.454102
5054.737305
5056.025391
5057.318359
5058.617188
5059.92041
5061.229004
5062.542969
5063.861816
5065.186035
5066.515137
5067.849609
5069.188965
5070.533691
5071.883301
5073.238281
5074.598145
5075.963379
5077.333496
5078.708984
5080.089355
5081.475098
5082.865723
5084.261719
5085.663086
5087.068848
5088.480469
5089.896973
5091.318359
5092.745117
5094.176758
5095.61377
5097.055664
5098.50293
5099.955566
5101.413086